1.000000000000000000e+00 3.035971511715743532e+00
1.375000000000000000e+00 3.230217796937509878e+00
1.750000000000000000e+00 5.082667739347342284e+00
2.125000000000000000e+00 4.233546065906767630e+00
2.500000000000000000e+00 7.715511916304622630e+00
2.875000000000000000e+00 7.053129606770277782e+00
3.250000000000000000e+00 6.949497786609797778e+00
3.625000000000000000e+00 7.364387485617617912e+00
4.000000000000000000e+00 9.758428055632034415e+00
4.375000000000000000e+00 8.848944325475944339e+00
4.750000000000000000e+00 1.001576236102703454e+01
5.125000000000000000e+00 1.110445450347603646e+01
5.500000000000000000e+00 1.220425869332857083e+01
5.875000000000000000e+00 1.212149630735530437e+01
6.250000000000000000e+00 1.274449077412721643e+01
6.625000000000000000e+00 1.388234691191447467e+01
7.000000000000000000e+00 1.570490694740573723e+01
7.375000000000000000e+00 1.355570248687272183e+01
7.750000000000000000e+00 1.568780051403760112e+01
8.125000000000000000e+00 1.610741561296736535e+01
8.500000000000000000e+00 1.683931854005516016e+01
8.875000000000000000e+00 1.835852729845664300e+01
9.250000000000000000e+00 1.836130798230052719e+01
9.625000000000000000e+00 1.874166416745364216e+01
1.000000000000000000e+01 1.856404935217043217e+01
